# FSOT multimodal inject — Kaggle STEM vision → Fixed features
# modality strength f0..f7
metric 0.20 0.25 0.10 0.05 0.15
# sample 0 label=5 domain=math
vision 0.900 -0.831333 -0.642417 -0.686595 -0.738215 -0.724640 0.249393 -0.455324 -0.642857
text 0.75 -0.201201 0.893894 0.203203 -0.015015 -0.177177 0.725726 -0.045045 0.825826
# sample 1 label=0 domain=math
vision 0.900 -0.858984 -0.492277 -0.617367 -0.787075 -0.688926 0.315877 -0.338763 -0.591837
text 0.75 -0.963964 0.971972 -0.991992 -0.561562 -0.107107 -0.557558 -0.807808 -0.457457
# sample 2 label=4 domain=math
vision 0.900 -0.967187 -0.718447 -0.623369 -0.912965 -0.805492 0.028702 -0.723680 -0.714286
text 0.75 0.565566 0.227227 0.601602 0.439439 0.237237 0.987988 -0.079079 -0.113113
# sample 3 label=1 domain=math
vision 0.900 -0.935934 -0.760624 -0.745418 -0.872349 -0.828581 0.036532 -0.685551 -0.783163
text 0.75 0.271271 -0.363363 0.611612 0.985986 -0.521522 -0.819820 -0.181181 0.481481
# sample 4 label=9 domain=math
vision 0.900 -1.000000 -0.541617 -0.665386 -0.864066 -0.767767 0.166609 -0.499005 -0.698980
text 0.75 -0.193193 -0.283283 -0.573574 0.985986 -0.617618 -0.723724 0.955956 -0.799800
# sample 5 label=2 domain=math
vision 0.900 -0.937535 -0.585914 -0.369988 -0.922049 -0.703872 0.272230 -0.608808 -0.609694
text 0.75 0.569570 -0.361361 -0.787788 -0.469469 -0.687688 -0.033033 -0.875876 -0.925926
# sample 6 label=1 domain=math
vision 0.900 -0.910004 -0.759944 -0.728531 -0.895398 -0.823469 0.064182 -0.669623 -0.790816
text 0.75 0.271271 -0.363363 0.611612 0.985986 -0.521522 -0.819820 -0.181181 0.481481
# sample 7 label=3 domain=math
vision 0.900 -0.811645 -0.497639 -0.594438 -0.661024 -0.641186 0.412025 -0.409713 -0.545918
text 0.75 -0.197197 0.305305 0.815816 0.485485 0.899900 -0.295295 -0.841842 0.013013
# sample 8 label=1 domain=math
vision 0.900 -0.968267 -0.832893 -0.835374 -0.928331 -0.891216 -0.174664 -0.971282 -0.859694
text 0.75 0.271271 -0.363363 0.611612 0.985986 -0.521522 -0.819820 -0.181181 0.481481
# sample 9 label=4 domain=math
vision 0.900 -0.934654 -0.697959 -0.559624 -0.931253 -0.780872 0.122482 -0.475596 -0.704082
text 0.75 0.565566 0.227227 0.601602 0.439439 0.237237 0.987988 -0.079079 -0.113113
# sample 10 label=3 domain=math
vision 0.900 -0.827414 -0.563314 -0.687289 -0.775108 -0.713281 0.301250 -0.364991 -0.645408
text 0.75 -0.197197 0.305305 0.815816 0.485485 0.899900 -0.295295 -0.841842 0.013013
# sample 11 label=5 domain=math
vision 0.900 -1.000000 -0.728371 -0.701401 -1.000000 -0.857443 -0.078092 -0.747572 -0.803571
text 0.75 -0.201201 0.893894 0.203203 -0.015015 -0.177177 0.725726 -0.045045 0.825826
# sample 12 label=3 domain=math
vision 0.900 -0.788756 -0.566347 -0.575150 -0.638735 -0.642247 0.399086 -0.355656 -0.545918
text 0.75 -0.197197 0.305305 0.815816 0.485485 0.899900 -0.295295 -0.841842 0.013013
# sample 13 label=6 domain=math
vision 0.900 -0.837855 -0.657343 -0.420768 -0.945858 -0.715456 0.253142 -0.477285 -0.625000
text 0.75 -0.495495 0.303303 0.805806 -0.061061 -0.935936 -0.489489 -0.147147 -0.581582
# sample 14 label=1 domain=math
vision 0.900 -0.958743 -0.831933 -0.830292 -0.913966 -0.883733 -0.143815 -0.915535 -0.862245
text 0.75 0.271271 -0.363363 0.611612 0.985986 -0.521522 -0.819820 -0.181181 0.481481
# sample 15 label=7 domain=math
vision 0.900 -1.000000 -0.404642 -0.740736 -0.842377 -0.746939 0.214392 -0.481388 -0.665816
text 0.75 -0.669670 -0.439439 0.407407 -0.515516 0.651652 -0.751752 -0.113113 0.949950
# sample 16 label=2 domain=math
vision 0.900 -0.882593 -0.769868 -0.486275 -0.875470 -0.753551 0.179964 -0.528205 -0.668367
text 0.75 0.569570 -0.361361 -0.787788 -0.469469 -0.687688 -0.033033 -0.875876 -0.925926
# sample 17 label=8 domain=math
vision 0.900 -0.951901 -0.510164 -0.636775 -0.816487 -0.728832 0.230517 -0.421538 -0.650510
text 0.75 -0.019019 0.459459 -0.767768 0.031031 -0.203203 -0.461461 0.921922 0.263263
# sample 18 label=6 domain=math
vision 0.900 -0.915286 -0.847299 -0.785834 -0.907803 -0.864056 -0.133935 -0.870166 -0.790816
text 0.75 -0.495495 0.303303 0.805806 -0.061061 -0.935936 -0.489489 -0.147147 -0.581582
# sample 19 label=9 domain=math
vision 0.900 -1.000000 -0.634454 -0.790956 -0.864786 -0.822549 0.020899 -0.648386 -0.760204
text 0.75 -0.193193 -0.283283 -0.573574 0.985986 -0.617618 -0.723724 0.955956 -0.799800
# sample 20 label=4 domain=math
vision 0.900 -0.924290 -0.457223 -0.345178 -0.906323 -0.658253 0.392452 -0.515897 -0.576531
text 0.75 0.565566 0.227227 0.601602 0.439439 0.237237 0.987988 -0.079079 -0.113113
# sample 21 label=0 domain=math
vision 0.900 -0.866627 -0.388836 -0.540336 -0.786315 -0.645528 0.396545 -0.313665 -0.551020
text 0.75 -0.963964 0.971972 -0.991992 -0.561562 -0.107107 -0.557558 -0.807808 -0.457457
# sample 22 label=9 domain=math
vision 0.900 -0.966186 -0.730812 -0.757543 -0.919168 -0.843427 -0.055431 -0.821900 -0.778061
text 0.75 -0.193193 -0.283283 -0.573574 0.985986 -0.617618 -0.723724 0.955956 -0.799800
# sample 23 label=1 domain=math
vision 0.900 -0.945818 -0.745898 -0.752981 -0.891957 -0.834164 0.015792 -0.716199 -0.788265
text 0.75 0.271271 -0.363363 0.611612 0.985986 -0.521522 -0.819820 -0.181181 0.481481
